000301
000179
000116
000504
000161
000244
000224
000075
000186
000163
000494
000254
000515
000196
000348
000496
000416
000089
000380
000426
000133
000324
000495
000278
000107
000286
000370
000249
000369
000501
000252
000200
000119
000345
000030
000355
000359
000275
000185
000258
000340
000468
000307
000316
000167
000467
000111
000126
000068
000320
000271
000517
000349
000014
000008
000187
000044
000427
000060
000033
000138
000113
000473
000303
000419
000385
000130
000381
000168
000157
000248
000263
000282
000290
000085
000482
000503
000226
000230
000310
000190
000086
000268
000246
000332
000394
000434
000291
000350
000302
000486
000139
000076
000103
000343
000470
000125
000346
000065
000223
000002
000308
000270
000032
000188
000371
000462
000477
000005
000053
000092
000015
000312
000287
000452
000174
000001
000441
000408
000399
000050
000500
000199
000181
000159
000122
000166
000465
000476
000295
000023
000155
000329
000272
000439
000205
000062
000197
000040
000203
000423
000182
000453
000356
000395
000108
000281
000245
000483
000328
000121
000437
000194
000386
000127
000460
000433
000043
000353
000029
000444
000384
000016
000397
000251
000365
000228
000261
000276
000131
000493
000306
000162
000313
000341
000042
000294
000488
000479
000004
000240
000061
000417
000003
000352
000505
000031
000446
000358
000362
000367
000442
000357
000156
000011
000158
000172
000072
000100
000391
000428
000217
000097
000510
000304
000117
000398
000430
000036
000489
000451
000180
000257
000283
000164
000305
000377
000279
000366
000474
000325
000212
000412
000034
000351
000105
000208
000425
000514
000095
000057
000447
000064
000297
000508
000049
000404
000455
000141
000438
000238
000418
000491
000506
000322
000241
000211
000120
000293
000038
000140
000144
000175
000165
000459
000300
000022
000432
000256
000239
000080
000457
000415
000173
000083
000347
000242
000090
000234
000021
000519
000058
000429
000309
000025
000236
000360
000084
000449
000298
000267
000471
000129
000378
000102
000264
000082
000487
000191
000516
000392
000401
000171
000269
000490
000266
000218
000464
000507
000354
000374
000227
000413
000056
000277
000480
000088
000481
000393
000260
000137
000509
000009
000136
000184
000146
000066
000315
000448
000087
000045
000450
000499
000115
000475
000063
000407
000017
000406
000198
000331
000222
000215
000284
000123
000054
000176
000109
000096
000048
000183
000069
000338
000147
000243
000193
000379
000006
000231
000192
000071
000059
000132
000259
000209
000052
000424
000098
000026
000440
000420
000046
000094
000214
000237
000454
000070
000273
000233
000081
000513
000511
000314
000206
000436
000216
000041
000402
000443
000469
000149
000337
000333
000225
000201
000047
000027
000078
000336
000207
000250
000388
000128
000372
000478
000221
000376
000020
000387
000323
000093
000039
000067
000274
000101
000497
000220
000151
000382
000421
000074
000466
000210
000383
000361
000414
